Class,Diametre[mm],Width[mm]
1,0.062,0.125
2,0.187,0.125
3,0.312,0.125
4,0.437,0.125
5,0.562,0.125
6,0.687,0.125
7,0.812,0.125
8,0.937,0.125
9,1.062,0.125
10,1.187,0.125
11,1.375,0.25
12,1.625,0.25
13,1.875,0.25
14,2.125,0.25
15,2.375,0.25
16,2.75,0.5
17,3.25,0.5
18,3.75,0.5
19,4.25,0.5
20,4.75,0.5
21,5.5,1
22,6.5,1
23,7.5,1
24,8.5,1
25,9.5,1
26,11,2
27,13,2
28,15,2
29,17,2
30,19,2
31,21.5,3
32,24.5,3
